3[ 1.0000001   0.9985513   0.99865115  0.99860775  0.9956449   0.99866265
  0.9991128   0.99914783  0.9980772   0.9987801   0.9990783   0.99908197
  0.9982357   0.998873    0.9993228  -0.00801968  0.01520961 -0.02382527
 -0.03203459  0.02929609  0.02410671 -0.11849498  0.00808925 -0.03269936
  0.00846637  0.05801746 -0.0139731  -0.0069035  -0.0313992   0.03858215
 -0.0126402  -0.03824287 -0.01570899  0.03612715  0.03909829  0.00725851
 -0.01334973 -0.01811403  0.04697988  0.08644672 -0.03371283  0.00899433
  0.02023228  0.00760957 -0.00835415 -0.02032616  0.03823152 -0.01116971
 -0.01435091 -0.01873594][ 0.9985513   1.0000002   0.9988464   0.9989157   0.9981823   0.9994681
  0.9989638   0.99925214  0.9991732   0.9995027   0.9989468   0.9991909
  0.9987999   0.9985008   0.9993839  -0.01166967  0.01628765 -0.02213795
 -0.03069995  0.02629233  0.02511716 -0.11908484  0.00917434 -0.03371193
  0.0084564   0.05669405 -0.01366551 -0.00672432 -0.02852092  0.03707233
 -0.01639254 -0.0362088  -0.01400902  0.03706686  0.03742498  0.00623403
 -0.01307505 -0.0158397   0.04955306  0.08692013 -0.03567488  0.01066713
  0.02112953  0.00872351 -0.00890983 -0.02061774  0.03457012 -0.01070151
 -0.01279265 -0.0190841 ][ 0.99865115  0.9988464   1.0000001   0.9986777   0.997033    0.9987506
  0.99788433  0.9987365   0.9977857   0.9990797   0.99882054  0.9993595
  0.9986717   0.9979845   0.99839735 -0.00898262  0.01749945 -0.02353475
 -0.03048093  0.02581834  0.0239972  -0.11919829  0.00693775 -0.03156899
  0.00678143  0.05724641 -0.01225231 -0.00402548 -0.02821641  0.03641268
 -0.01321396 -0.03465227 -0.01368867  0.03593548  0.03584071  0.00511735
 -0.01168501 -0.01717911  0.04838945  0.08497956 -0.03405513  0.01093659
  0.0244421   0.00999282 -0.00839027 -0.0203217   0.03619216 -0.01223705
 -0.01189238 -0.01729677][ 0.99860775  0.9989157   0.9986777   1.0000002   0.996204    0.9995404
  0.999069    0.998251    0.99836516  0.9987033   0.9995434   0.9994167
  0.9991522   0.99838763  0.9992553  -0.00971989  0.015335   -0.02348592
 -0.02811294  0.02801581  0.0273952  -0.11946841  0.00781993 -0.03309852
  0.00687733  0.05641233 -0.01295988 -0.00544354 -0.03071931  0.03733931
 -0.01421731 -0.03570561 -0.01069709  0.03632674  0.03891229  0.00505803
 -0.01337768 -0.01804134  0.04985287  0.08405371 -0.03488195  0.01130478
  0.02178599  0.0077034  -0.01053089 -0.02023101  0.0352575  -0.01100859
 -0.01137285 -0.02004291][ 0.9956449   0.9981823   0.997033    0.996204    1.          0.9969844
  0.9958343   0.99781746  0.9981848   0.9978503   0.9971055   0.99683696
  0.9972528   0.99543387  0.99629223 -0.00877055  0.01885039 -0.02148185
 -0.03119199  0.02403625  0.02597031 -0.11729556  0.01000283 -0.03560913
  0.00616059  0.05861133 -0.0086679  -0.00526967 -0.02625226  0.03662359
 -0.01914769 -0.03407492 -0.0119418   0.03586175  0.03435704  0.00809878
 -0.01339437 -0.01706897  0.04771923  0.0889276  -0.03600548  0.00802038
  0.02616191  0.01259781 -0.00703916 -0.02235867  0.03258966 -0.01046754
 -0.01340728 -0.01750462][ 0.99866265  0.9994681   0.9987506   0.9995404   0.9969844   0.9999998
  0.9992176   0.9989506   0.9988691   0.99897015  0.999249    0.9992603
  0.9986938   0.9988251   0.9993604  -0.01212729  0.01482814 -0.02330725
 -0.02965384  0.02695041  0.02616279 -0.11826143  0.00809685 -0.03391155
  0.00777907  0.05716551 -0.01182989 -0.00608354 -0.02889135  0.03734665
 -0.01535652 -0.03707995 -0.01271357  0.03771785  0.03860649  0.00596046
 -0.01287218 -0.01616973  0.04984406  0.08582653 -0.03515636  0.01103302
  0.02171757  0.00779844 -0.01087697 -0.02031396  0.03531709 -0.01009137
 -0.01306179 -0.02060886][ 0.9991128   0.9989638   0.99788433  0.999069    0.9958343   0.9992176
  0.9999999   0.99843836  0.99866116  0.9991158   0.9992585   0.99884295
  0.99848634  0.9993235   0.9995751  -0.01070224  0.01538365 -0.02254017
 -0.02871344  0.02895044  0.0265737  -0.11784597  0.00990974 -0.03443462
  0.007148    0.0571843  -0.01380181 -0.007995   -0.03193962  0.0365366
 -0.01555361 -0.03940203 -0.01329678  0.03633582  0.04014294  0.00678118
 -0.01367216 -0.01649486  0.0495712   0.08793512 -0.03564395  0.0097258
  0.0191501   0.00552092 -0.01161172 -0.02047084  0.03747509 -0.01137035
 -0.01440921 -0.01936112][ 0.99914783  0.99925214  0.9987365   0.998251    0.99781746  0.9989506
  0.99843836  1.0000001   0.9986162   0.9989358   0.9987606   0.99871826
  0.998074    0.99840856  0.99889654 -0.00981848  0.01541891 -0.02206002
 -0.03365999  0.02840585  0.02277141 -0.11768518  0.00826532 -0.03274418
  0.00938129  0.05825769 -0.01249702 -0.00639777 -0.02895305  0.03804971
 -0.01394537 -0.03762157 -0.01606247  0.03703927  0.0370902   0.00727756
 -0.01253736 -0.01757084  0.04593755  0.08840908 -0.0341848   0.0086684
  0.02215598  0.00837338 -0.00777081 -0.02128729  0.03644778 -0.01045916
 -0.01325114 -0.01822995][ 0.9980772   0.9991732   0.9977857   0.99836516  0.9981848   0.9988691
  0.99866116  0.9986162   1.          0.9989559   0.9988364   0.99862015
  0.9977637   0.9973048   0.99886787 -0.00950026  0.01615328 -0.02398477
 -0.03198095  0.02744504  0.02846634 -0.11897729  0.01049898 -0.03661893
  0.008162    0.05776991 -0.01050106 -0.00745919 -0.0300574   0.03626433
 -0.01852017 -0.03691265 -0.01338941  0.03553632  0.0383183   0.00856959
 -0.01592445 -0.01657113  0.05137184  0.08610155 -0.03502896  0.01019271
  0.02198118  0.0070453  -0.00877491 -0.02102106  0.0350751  -0.00920937
 -0.01384082 -0.02029851][ 0.9987801   0.9995027   0.9990797   0.9987033   0.9978503   0.99897015
  0.9991158   0.9989358   0.9989559   1.          0.99922353  0.9991057
  0.9988599   0.9986644   0.99907494 -0.00869153  0.01792053 -0.02127008
 -0.03008767  0.02647087  0.02548394 -0.12013848  0.00934619 -0.03365748
  0.00645292  0.05801766 -0.01381876 -0.00600503 -0.02943873  0.03622712
 -0.01656017 -0.03701851 -0.01390401  0.03581658  0.03721754  0.00549917
 -0.01275181 -0.01626564  0.04973407  0.08790721 -0.03548567  0.00974465
  0.02077702  0.00847821 -0.01027514 -0.02154041  0.0363103  -0.01256016
 -0.01305584 -0.01688379][ 0.9990783   0.9989468   0.99882054  0.9995434   0.9971055   0.999249
  0.9992585   0.9987606   0.9988364   0.99922353  1.0000001   0.9994247
  0.99914014  0.9985388   0.9991478  -0.00813517  0.0165324  -0.0230314
 -0.0294169   0.02849976  0.02709415 -0.11872631  0.00828766 -0.03414592
  0.00697012  0.05845188 -0.01242207 -0.00616622 -0.03144002  0.03630985
 -0.01407481 -0.03603508 -0.01172291  0.03517904  0.03798098  0.00684854
 -0.01352043 -0.01728807  0.04864541  0.08664849 -0.03453114  0.00896063
  0.02292065  0.00752509 -0.01017456 -0.02093634  0.03642272 -0.01186599
 -0.01198388 -0.01852091][ 0.99908197  0.9991909   0.9993595   0.9994167   0.99683696  0.9992603
  0.99884295  0.99871826  0.99862015  0.9991057   0.9994247   1.
  0.99921167  0.9984201   0.99937904 -0.00922719  0.01711378 -0.02501659
 -0.03052283  0.02687747  0.02593276 -0.11908012  0.00740896 -0.03395832
  0.00770815  0.05646617 -0.01243307 -0.00619514 -0.03014488  0.03750383
 -0.01468373 -0.03464406 -0.01363039  0.03516843  0.03820791  0.00601136
 -0.01373473 -0.01692202  0.04888633  0.0832032  -0.03470512  0.01187109
  0.02212637  0.00869181 -0.00755906 -0.01919571  0.0368726  -0.0124112
 -0.01297199 -0.01973499][ 0.9982357   0.9987999   0.9986717   0.9991522   0.9972528   0.9986938
  0.99848634  0.998074    0.9977637   0.9988599   0.99914014  0.99921167
  1.0000005   0.9985296   0.99874806 -0.0076539   0.0176312  -0.02142579
 -0.02713031  0.02542131  0.02588151 -0.11819658  0.00861021 -0.03305808
  0.00570351  0.05636489 -0.01243885 -0.00561046 -0.03004812  0.03821328
 -0.01671889 -0.03477382 -0.01116197  0.03572999  0.03824041  0.00537456
 -0.01217878 -0.01755533  0.04702795  0.08530796 -0.03537342  0.00998396
  0.02333862  0.01061399 -0.00969198 -0.01955598  0.03534439 -0.01347837
 -0.01248544 -0.01909922][ 0.998873    0.9985008   0.9979845   0.99838763  0.99543387  0.9988251
  0.9993235   0.99840856  0.9973048   0.9986644   0.9985388   0.9984201
  0.9985296   1.          0.9989173  -0.01031456  0.01561242 -0.02153989
 -0.02867845  0.02713404  0.02397487 -0.11712058  0.00890507 -0.03328123
  0.00657188  0.0574571  -0.0132476  -0.00709965 -0.02917246  0.03867035
 -0.01533398 -0.03887767 -0.01472987  0.03721005  0.03961159  0.0062095
 -0.01088842 -0.01613706  0.0474276   0.08895776 -0.03556311  0.00992048
  0.02015018  0.00689904 -0.01156162 -0.0206847   0.03832362 -0.01325522
 -0.01519024 -0.01826729][ 0.9993228   0.9993839   0.99839735  0.9992553   0.99629223  0.9993604
  0.9995751   0.99889654  0.99886787  0.99907494  0.9991478   0.99937904
  0.99874806  0.9989173   1.0000002  -0.01075997  0.01518174 -0.02252929
 -0.03100399  0.02852951  0.02536119 -0.1186602   0.00880757 -0.0342277
  0.00907988  0.05652095 -0.01389294 -0.00747221 -0.03107694  0.03850172
 -0.01592542 -0.03747817 -0.01500832  0.0369775   0.04054385  0.00603633
 -0.01482679 -0.01637173  0.04909734  0.08549634 -0.03509723  0.01036633
  0.01919086  0.00661258 -0.00906656 -0.01962303  0.03595421 -0.01082934
 -0.01336741 -0.02063971][-8.01968016e-03 -1.16696712e-02 -8.98261555e-03 -9.71988682e-03
 -8.77054781e-03 -1.21272895e-02 -1.07022431e-02 -9.81848314e-03
 -9.50025953e-03 -8.69152974e-03 -8.13516695e-03 -9.22718644e-03
 -7.65389670e-03 -1.03145586e-02 -1.07599655e-02  9.99999881e-01
  2.35542953e-02 -1.08710118e-03 -1.04614943e-02  2.39630919e-02
  6.68260753e-02 -1.72585919e-02  1.23776039e-02  7.15507753e-03
  3.16313878e-02 -2.35573389e-05 -9.68874432e-03 -1.82005875e-02
 -2.10205130e-02  2.88549606e-02 -8.73728748e-03  8.26991256e-03
 -5.63126095e-02  1.53294168e-02  1.52833229e-02 -6.50006682e-02
  9.25051235e-03 -9.87942051e-03  2.57772189e-02 -5.08629829e-02
 -6.07689023e-02 -6.34626225e-02 -3.36786732e-02  3.55505273e-02
  7.79893063e-03  7.24228472e-03  4.61834669e-02 -1.96722820e-02
 -2.11262330e-03 -2.38055624e-02][ 1.5209610e-02  1.6287655e-02  1.7499452e-02  1.5334995e-02
  1.8850390e-02  1.4828140e-02  1.5383653e-02  1.5418906e-02
  1.6153276e-02  1.7920533e-02  1.6532399e-02  1.7113779e-02
  1.7631199e-02  1.5612420e-02  1.5181741e-02  2.3554295e-02
  9.9999982e-01  2.3272121e-02 -6.4643752e-03  5.3398781e-02
 -6.0363747e-03 -2.5518574e-02  5.0078668e-03 -4.2208083e-02
 -1.2974481e-02 -6.7059188e-03  5.6670785e-02  1.3703828e-02
  4.2380355e-03 -1.0012624e-02  4.1944224e-02  5.4778904e-04
 -5.0270602e-02  5.3182729e-03 -5.3424407e-02 -1.0511898e-02
 -5.0700698e-03  1.1400544e-01  6.3441493e-02  1.8745121e-02
  4.4681620e-02  1.4675700e-02 -3.0260528e-02 -2.2435661e-02
 -3.8905244e-02  4.4182137e-02 -2.2466408e-02 -3.7792131e-02
 -3.0247110e-03  3.4274980e-03][-0.02382527 -0.02213795 -0.02353475 -0.02348592 -0.02148185 -0.02330725
 -0.02254017 -0.02206002 -0.02398477 -0.02127008 -0.0230314  -0.02501659
 -0.02142579 -0.02153989 -0.02252929 -0.0010871   0.02327212  1.0000002
 -0.04724327  0.01345619  0.00673186 -0.03154381  0.02151611 -0.02224237
 -0.02955041  0.0229683   0.04095934 -0.02209515  0.01946915  0.04840292
  0.04396939  0.00225994 -0.09475561  0.02773301  0.08953716  0.0164592
  0.01771275  0.01962114  0.0382838   0.03826984  0.0209903   0.01220953
  0.01992963 -0.02471745 -0.00678639  0.02760297  0.04559089  0.02110454
  0.0687271   0.0056251 ][-0.03203459 -0.03069995 -0.03048093 -0.02811294 -0.03119199 -0.02965384
 -0.02871344 -0.03365999 -0.03198095 -0.03008767 -0.0294169  -0.03052283
 -0.02713031 -0.02867845 -0.03100399 -0.01046149 -0.00646438 -0.04724327
  0.9999997  -0.04043591 -0.00687277  0.04850278 -0.0179695   0.05471238
 -0.02308049 -0.01244724  0.02802098 -0.01816649 -0.04375037  0.02373234
  0.01378096  0.00104834  0.02126065  0.02302858 -0.00603338 -0.02752787
 -0.01125757  0.030202   -0.04883938 -0.00982167  0.01350833 -0.01674857
 -0.03407588 -0.00404683 -0.01243975  0.01971142 -0.03042419  0.00862565
  0.0239005   0.00442053][ 0.02929609  0.02629233  0.02581834  0.02801581  0.02403625  0.02695041
  0.02895044  0.02840585  0.02744504  0.02647087  0.02849976  0.02687747
  0.02542131  0.02713404  0.02852951  0.02396309  0.05339878  0.01345619
 -0.04043591  0.99999964  0.01141327  0.01550075 -0.03064804  0.03162012
  0.02561217 -0.00734892  0.03037858 -0.02698488 -0.00850301 -0.03260815
 -0.04062811 -0.02468539 -0.01024818 -0.01821532 -0.05076231 -0.00581005
 -0.0475617   0.04149503  0.0438797  -0.04001803  0.02214661 -0.02020958
  0.03767036  0.03269563 -0.0052981   0.06160789  0.01611754 -0.0126086
  0.0461574  -0.0176318 ][ 0.02410671  0.02511716  0.0239972   0.0273952   0.02597031  0.02616279
  0.0265737   0.02277141  0.02846634  0.02548394  0.02709415  0.02593276
  0.02588151  0.02397487  0.02536119  0.06682608 -0.00603637  0.00673186
 -0.00687277  0.01141327  1.         -0.00356013  0.07580617  0.03376294
  0.03434824  0.04659631  0.00684112 -0.00398766  0.01281854 -0.01118202
  0.00437205 -0.05873779  0.03395824  0.05116951  0.01033205  0.05612173
  0.01470489 -0.02382215  0.00436947 -0.02073071 -0.04343554 -0.03595752
 -0.04093901  0.0120153   0.04735097 -0.02263875 -0.02021892  0.02283696
  0.01354444 -0.0492813 ][-0.11849498 -0.11908484 -0.11919829 -0.11946841 -0.11729556 -0.11826143
 -0.11784597 -0.11768518 -0.11897729 -0.12013848 -0.11872631 -0.11908012
 -0.11819658 -0.11712058 -0.1186602  -0.01725859 -0.02551857 -0.03154381
  0.04850278  0.01550075 -0.00356013  0.9999999  -0.02280805 -0.0157127
  0.00831803  0.00958828 -0.0672026  -0.05382122 -0.01210977 -0.03904793
  0.01217461  0.00616714 -0.03582425 -0.01013699 -0.03809255  0.01820603
  0.01377923  0.03225679 -0.02420729 -0.08586851  0.06330287  0.03032642
 -0.01776161  0.03705058 -0.05811714  0.04005092  0.0408892  -0.02079421
 -0.00542181  0.03470478][ 0.00808925  0.00917434  0.00693775  0.00781993  0.01000283  0.00809685
  0.00990974  0.00826532  0.01049898  0.00934619  0.00828766  0.00740896
  0.00861021  0.00890507  0.00880757  0.0123776   0.00500787  0.02151611
 -0.0179695  -0.03064804  0.07580617 -0.02280805  1.0000002  -0.02953096
  0.01720154  0.01801182 -0.07200439  0.02842466  0.02136647 -0.04368525
  0.03464703 -0.05005186 -0.02320427  0.03776832 -0.02578891  0.04079877
  0.01846333 -0.01303109  0.04083124  0.05863322 -0.00505296  0.02963538
  0.03209985  0.03154894  0.01931508  0.0026464  -0.04700899 -0.01988651
 -0.07521836 -0.02452281][-0.03269936 -0.03371193 -0.03156899 -0.03309852 -0.03560913 -0.03391155
 -0.03443462 -0.03274418 -0.03661893 -0.03365748 -0.03414592 -0.03395832
 -0.03305808 -0.03328123 -0.0342277   0.00715508 -0.04220808 -0.02224237
  0.05471238  0.03162012  0.03376294 -0.0157127  -0.02953096  0.9999999
 -0.004101    0.02048603  0.01514706  0.05661147 -0.09234187  0.00556798
  0.02587182 -0.00866869 -0.02989024 -0.02691868 -0.01168957 -0.00434431
 -0.03813858  0.03462251  0.00309061  0.03571766  0.01650787 -0.03195619
  0.01290051  0.00179222  0.02735131 -0.03431711 -0.07062328 -0.04023489
  0.0116945   0.01452134][ 8.46637413e-03  8.45639594e-03  6.78143464e-03  6.87733153e-03
  6.16059080e-03  7.77907250e-03  7.14799762e-03  9.38128866e-03
  8.16199929e-03  6.45292224e-03  6.97012199e-03  7.70814996e-03
  5.70351118e-03  6.57188287e-03  9.07988288e-03  3.16313878e-02
 -1.29744811e-02 -2.95504145e-02 -2.30804905e-02  2.56121680e-02
  3.43482420e-02  8.31802934e-03  1.72015429e-02 -4.10099514e-03
  9.99999881e-01  2.43826061e-02 -7.49681145e-04  3.78584936e-02
 -1.55898705e-02  5.54143116e-02  3.08233257e-02 -3.15885618e-02
 -1.80859305e-02  5.88247702e-02 -6.14385083e-02 -3.25867459e-02
 -1.25405993e-02 -2.44323723e-02  8.45314264e-02  1.30690867e-03
 -1.52541250e-02 -5.77689707e-03 -1.68802384e-02 -1.07655786e-02
  1.69049483e-02  4.80564833e-02 -3.73962224e-02 -1.46480249e-02
  5.01184464e-02 -1.25912018e-02][ 5.8017462e-02  5.6694046e-02  5.7246406e-02  5.6412332e-02
  5.8611330e-02  5.7165511e-02  5.7184301e-02  5.8257688e-02
  5.7769910e-02  5.8017656e-02  5.8451876e-02  5.6466170e-02
  5.6364890e-02  5.7457104e-02  5.6520950e-02 -2.3557339e-05
 -6.7059188e-03  2.2968298e-02 -1.2447240e-02 -7.3489165e-03
  4.6596311e-02  9.5882751e-03  1.8011820e-02  2.0486034e-02
  2.4382606e-02  1.0000002e+00  3.0467806e-02  3.9467350e-02
 -1.8657292e-03 -5.0191630e-02 -3.4586627e-03 -4.1695159e-02
  1.9630708e-02  8.9530230e-02  1.0524366e-02  2.9280830e-02
 -3.7580412e-02 -3.8038205e-02 -3.3983350e-02 -7.0804902e-03
  3.8178951e-02  3.3229262e-02  9.2543010e-03 -7.2757844e-03
  2.1885181e-02  4.6918128e-02 -4.6658278e-02  1.0381423e-02
 -6.0242917e-02 -3.4585431e-02][-1.39731020e-02 -1.36655103e-02 -1.22523122e-02 -1.29598845e-02
 -8.66789743e-03 -1.18298922e-02 -1.38018075e-02 -1.24970172e-02
 -1.05010550e-02 -1.38187576e-02 -1.24220699e-02 -1.24330651e-02
 -1.24388542e-02 -1.32476036e-02 -1.38929356e-02 -9.68874432e-03
  5.66707850e-02  4.09593359e-02  2.80209780e-02  3.03785820e-02
  6.84112031e-03 -6.72025979e-02 -7.20043853e-02  1.51470574e-02
 -7.49681145e-04  3.04678064e-02  1.00000012e+00  5.55812567e-03
 -8.10414832e-03  5.56250662e-02  6.71029389e-02  4.71866094e-02
  3.35340537e-02  2.70763300e-02 -6.28577173e-02  9.98794474e-03
 -2.58829352e-02 -2.93635856e-02  1.73141854e-03 -2.35225633e-03
 -2.71649994e-02 -4.00311872e-02  8.33832771e-02 -4.69026975e-02
 -1.81268714e-03 -1.21115744e-02  1.37986494e-02 -3.58932726e-02
 -1.22921765e-02  4.15357277e-02][-0.0069035  -0.00672432 -0.00402548 -0.00544354 -0.00526967 -0.00608354
 -0.007995   -0.00639777 -0.00745919 -0.00600503 -0.00616622 -0.00619514
 -0.00561046 -0.00709965 -0.00747221 -0.01820059  0.01370383 -0.02209515
 -0.01816649 -0.02698488 -0.00398766 -0.05382122  0.02842466  0.05661147
  0.03785849  0.03946735  0.00555813  0.9999995  -0.02210466  0.02221358
  0.00539354  0.02086908  0.01587877  0.02749742 -0.0566577   0.01634503
  0.04170234 -0.04227237 -0.05016873 -0.02082105 -0.01383327  0.01376436
  0.0391767  -0.02084861  0.00518658 -0.01751144  0.04623806 -0.02325068
  0.00969155 -0.05296379][-0.0313992  -0.02852092 -0.02821641 -0.03071931 -0.02625226 -0.02889135
 -0.03193962 -0.02895305 -0.0300574  -0.02943873 -0.03144002 -0.03014488
 -0.03004812 -0.02917246 -0.03107694 -0.02102051  0.00423804  0.01946915
 -0.04375037 -0.00850301  0.01281854 -0.01210977  0.02136647 -0.09234187
 -0.01558987 -0.00186573 -0.00810415 -0.02210466  1.0000002  -0.00991244
  0.0313865  -0.03214511 -0.06246811  0.05484533  0.02134543  0.00387698
  0.04358236 -0.02311161  0.03450479  0.04903424  0.05403389  0.00833944
  0.02777244  0.02698756  0.01182003 -0.06424309 -0.01339051 -0.03955198
 -0.00565582  0.02462838][ 3.8582146e-02  3.7072331e-02  3.6412682e-02  3.7339307e-02
  3.6623590e-02  3.7346646e-02  3.6536604e-02  3.8049705e-02
  3.6264330e-02  3.6227122e-02  3.6309846e-02  3.7503835e-02
  3.8213275e-02  3.8670346e-02  3.8501717e-02  2.8854961e-02
 -1.0012624e-02  4.8402920e-02  2.3732344e-02 -3.2608148e-02
 -1.1182021e-02 -3.9047927e-02 -4.3685250e-02  5.5679847e-03
  5.5414312e-02 -5.0191630e-02  5.5625066e-02  2.2213584e-02
 -9.9124387e-03  1.0000000e+00  6.8453611e-03 -2.0206664e-02
  3.3401340e-02  1.1934247e-03 -2.6207870e-02 -4.8167072e-02
  5.9181228e-02 -2.2803411e-02  3.7117414e-03 -4.3850455e-02
 -6.6199116e-03 -1.3452232e-02 -3.0222774e-02 -3.3446411e-03
  9.6849166e-04 -7.4196719e-03  3.5767086e-02  3.8549732e-02
  1.2591481e-02 -1.0700151e-02][-0.0126402  -0.01639254 -0.01321396 -0.01421731 -0.01914769 -0.01535652
 -0.01555361 -0.01394537 -0.01852017 -0.01656017 -0.01407481 -0.01468373
 -0.01671889 -0.01533398 -0.01592542 -0.00873729  0.04194422  0.04396939
  0.01378096 -0.04062811  0.00437205  0.01217461  0.03464703  0.02587182
  0.03082333 -0.00345866  0.06710294  0.00539354  0.0313865   0.00684536
  1.         -0.02043383  0.01953087  0.00557188 -0.01011064 -0.02679705
  0.0749322   0.01488488  0.02110463 -0.02654081  0.07942779 -0.04543752
  0.04334728  0.0059069   0.02627056 -0.01563118 -0.02438733 -0.06132302
  0.02078579 -0.03093808][-3.8242869e-02 -3.6208801e-02 -3.4652267e-02 -3.5705611e-02
 -3.4074925e-02 -3.7079945e-02 -3.9402030e-02 -3.7621573e-02
 -3.6912650e-02 -3.7018508e-02 -3.6035080e-02 -3.4644064e-02
 -3.4773823e-02 -3.8877670e-02 -3.7478171e-02  8.2699126e-03
  5.4778904e-04  2.2599353e-03  1.0483419e-03 -2.4685392e-02
 -5.8737792e-02  6.1671399e-03 -5.0051861e-02 -8.6686853e-03
 -3.1588562e-02 -4.1695159e-02  4.7186609e-02  2.0869080e-02
 -3.2145109e-02 -2.0206664e-02 -2.0433828e-02  9.9999952e-01
 -9.5286891e-03  2.2760283e-02 -4.1622832e-02 -4.4613827e-02
 -3.0618770e-02 -4.2792574e-02 -2.8227601e-02 -5.4830560e-03
 -5.5599567e-03  1.2408444e-02  2.9829694e-03  2.2394512e-02
 -3.6748014e-03  4.5034107e-02  4.7877122e-02 -4.2611290e-02
  4.4752378e-02  3.7703656e-02][-1.57089885e-02 -1.40090194e-02 -1.36886733e-02 -1.06970929e-02
 -1.19417999e-02 -1.27135664e-02 -1.32967755e-02 -1.60624683e-02
 -1.33894105e-02 -1.39040127e-02 -1.17229102e-02 -1.36303855e-02
 -1.11619700e-02 -1.47298696e-02 -1.50083229e-02 -5.63126095e-02
 -5.02706021e-02 -9.47556123e-02  2.12606452e-02 -1.02481805e-02
  3.39582376e-02 -3.58242504e-02 -2.32042689e-02 -2.98902374e-02
 -1.80859305e-02  1.96307078e-02  3.35340537e-02  1.58787686e-02
 -6.24681115e-02  3.34013402e-02  1.95308719e-02 -9.52868909e-03
  9.99999940e-01 -2.14722008e-02  1.67984180e-02  1.07685989e-03
 -1.30724907e-02  4.34825569e-02  1.89675223e-02 -7.54623674e-04
  1.05255404e-02 -3.03182360e-02  6.49836939e-03  2.22253259e-02
 -1.27545111e-02 -1.43075967e-03 -2.21264884e-02 -3.85699123e-02
 -1.96691928e-03  1.56169599e-02][ 3.6127154e-02  3.7066862e-02  3.5935484e-02  3.6326744e-02
  3.5861745e-02  3.7717853e-02  3.6335822e-02  3.7039269e-02
  3.5536319e-02  3.5816576e-02  3.5179041e-02  3.5168432e-02
  3.5729989e-02  3.7210055e-02  3.6977496e-02  1.5329417e-02
  5.3182729e-03  2.7733009e-02  2.3028582e-02 -1.8215325e-02
  5.1169515e-02 -1.0136991e-02  3.7768323e-02 -2.6918679e-02
  5.8824770e-02  8.9530230e-02  2.7076330e-02  2.7497416e-02
  5.4845333e-02  1.1934247e-03  5.5718762e-03  2.2760283e-02
 -2.1472201e-02  1.0000001e+00 -2.3189407e-02  2.4476893e-02
  8.8830339e-04  1.6087824e-02 -1.4839539e-02 -2.4554834e-02
 -6.9870159e-02  4.3156363e-02 -4.8439894e-03 -2.4563709e-02
 -1.5821243e-02 -1.7419901e-02 -5.5239309e-02 -3.9172325e-02
  1.5440655e-02  2.0806346e-02][ 0.03909829  0.03742498  0.03584071  0.03891229  0.03435704  0.03860649
  0.04014294  0.0370902   0.0383183   0.03721754  0.03798098  0.03820791
  0.03824041  0.03961159  0.04054385  0.01528332 -0.05342441  0.08953716
 -0.00603338 -0.05076231  0.01033205 -0.03809255 -0.02578891 -0.01168957
 -0.06143851  0.01052437 -0.06285772 -0.0566577   0.02134543 -0.02620787
 -0.01011064 -0.04162283  0.01679842 -0.02318941  1.0000002  -0.04817292
 -0.03002109  0.01281486  0.01463286  0.01154208  0.00898594 -0.0194528
  0.05159653 -0.00933121  0.04953666  0.01122031  0.06059235 -0.01607292
 -0.00166317 -0.02077775][ 7.2585065e-03  6.2340330e-03  5.1173549e-03  5.0580278e-03
  8.0987811e-03  5.9604626e-03  6.7811776e-03  7.2775595e-03
  8.5695889e-03  5.4991655e-03  6.8485420e-03  6.0113631e-03
  5.3745564e-03  6.2095001e-03  6.0363319e-03 -6.5000668e-02
 -1.0511898e-02  1.6459197e-02 -2.7527865e-02 -5.8100550e-03
  5.6121733e-02  1.8206034e-02  4.0798768e-02 -4.3443050e-03
 -3.2586746e-02  2.9280830e-02  9.9879447e-03  1.6345028e-02
  3.8769767e-03 -4.8167072e-02 -2.6797052e-02 -4.4613827e-02
  1.0768599e-03  2.4476893e-02 -4.8172921e-02  9.9999988e-01
 -1.2501948e-02  1.4120378e-02  1.7642215e-02  2.3792012e-02
 -5.5452712e-02 -4.9391504e-02 -1.3425296e-02  1.9149487e-03
 -1.5739327e-02  6.0388912e-04 -2.9326477e-03  2.1621341e-02
 -3.2274518e-02  2.2576058e-02][-1.33497287e-02 -1.30750537e-02 -1.16850082e-02 -1.33776832e-02
 -1.33943716e-02 -1.28721837e-02 -1.36721646e-02 -1.25373648e-02
 -1.59244537e-02 -1.27518084e-02 -1.35204345e-02 -1.37347253e-02
 -1.21787842e-02 -1.08884182e-02 -1.48267932e-02  9.25051235e-03
 -5.07006980e-03  1.77127458e-02 -1.12575674e-02 -4.75616977e-02
  1.47048887e-02  1.37792323e-02  1.84633322e-02 -3.81385833e-02
 -1.25405993e-02 -3.75804119e-02 -2.58829352e-02  4.17023376e-02
  4.35823649e-02  5.91812283e-02  7.49322027e-02 -3.06187700e-02
 -1.30724907e-02  8.88303388e-04 -3.00210919e-02 -1.25019476e-02
  1.00000000e+00  5.49312383e-02 -2.37117819e-02 -4.94073816e-02
  9.55822226e-03 -3.84850129e-02 -7.44996741e-02  2.54027992e-02
 -1.12398081e-02  1.77865643e-02  1.17629496e-02  1.38345985e-02
 -1.99277773e-02  1.30597381e-02][-0.01811403 -0.0158397  -0.01717911 -0.01804134 -0.01706897 -0.01616973
 -0.01649486 -0.01757084 -0.01657113 -0.01626564 -0.01728807 -0.01692202
 -0.01755533 -0.01613706 -0.01637173 -0.00987942  0.11400544  0.01962114
  0.030202    0.04149503 -0.02382215  0.03225679 -0.01303109  0.03462251
 -0.02443237 -0.03803821 -0.02936359 -0.04227237 -0.02311161 -0.02280341
  0.01488488 -0.04279257  0.04348256  0.01608782  0.01281486  0.01412038
  0.05493124  1.         -0.01029138 -0.0886841   0.0401404  -0.00824067
 -0.02336981  0.02869535 -0.03864732 -0.00196606  0.01425271 -0.02351252
  0.02976121  0.03224639][ 0.04697988  0.04955306  0.04838945  0.04985287  0.04771923  0.04984406
  0.0495712   0.04593755  0.05137184  0.04973407  0.04864541  0.04888633
  0.04702795  0.0474276   0.04909734  0.02577722  0.06344149  0.0382838
 -0.04883938  0.0438797   0.00436947 -0.02420729  0.04083124  0.00309061
  0.08453143 -0.03398335  0.00173142 -0.05016873  0.03450479  0.00371174
  0.02110463 -0.0282276   0.01896752 -0.01483954  0.01463286  0.01764221
 -0.02371178 -0.01029138  0.99999976 -0.00238808 -0.09011218  0.02438959
  0.02499359  0.03759566 -0.04320925 -0.00843534 -0.01301183 -0.0143933
 -0.03320104  0.02425595][ 8.6446717e-02  8.6920127e-02  8.4979564e-02  8.4053710e-02
  8.8927597e-02  8.5826531e-02  8.7935120e-02  8.8409081e-02
  8.6101547e-02  8.7907210e-02  8.6648494e-02  8.3203197e-02
  8.5307963e-02  8.8957764e-02  8.5496336e-02 -5.0862983e-02
  1.8745121e-02  3.8269836e-02 -9.8216683e-03 -4.0018030e-02
 -2.0730712e-02 -8.5868508e-02  5.8633216e-02  3.5717662e-02
  1.3069087e-03 -7.0804902e-03 -2.3522563e-03 -2.0821046e-02
  4.9034238e-02 -4.3850455e-02 -2.6540807e-02 -5.4830560e-03
 -7.5462367e-04 -2.4554834e-02  1.1542082e-02  2.3792012e-02
 -4.9407382e-02 -8.8684097e-02 -2.3880843e-03  1.0000001e+00
  7.5083608e-03 -6.0597430e-03  2.6140280e-02 -2.8971203e-02
  3.2340474e-02  4.6125807e-02 -1.6637212e-02 -5.5756729e-02
  4.4670589e-02  2.1021921e-02][-3.3712827e-02 -3.5674885e-02 -3.4055132e-02 -3.4881946e-02
 -3.6005478e-02 -3.5156358e-02 -3.5643950e-02 -3.4184799e-02
 -3.5028964e-02 -3.5485674e-02 -3.4531139e-02 -3.4705125e-02
 -3.5373416e-02 -3.5563111e-02 -3.5097227e-02 -6.0768902e-02
  4.4681620e-02  2.0990301e-02  1.3508326e-02  2.2146612e-02
 -4.3435536e-02  6.3302867e-02 -5.0529595e-03  1.6507870e-02
 -1.5254125e-02  3.8178951e-02 -2.7164999e-02 -1.3833271e-02
  5.4033890e-02 -6.6199116e-03  7.9427794e-02 -5.5599567e-03
  1.0525540e-02 -6.9870159e-02  8.9859394e-03 -5.5452712e-02
  9.5582223e-03  4.0140402e-02 -9.0112180e-02  7.5083608e-03
  9.9999976e-01 -8.7117944e-03  5.6052129e-03  3.4365069e-02
  3.3154480e-02  4.0878728e-04  2.0959863e-02  1.5180449e-02
  8.3627440e-02 -2.2697622e-02][ 8.99432972e-03  1.06671285e-02  1.09365936e-02  1.13047846e-02
  8.02038051e-03  1.10330172e-02  9.72580165e-03  8.66839662e-03
  1.01927072e-02  9.74464603e-03  8.96063447e-03  1.18710920e-02
  9.98395868e-03  9.92048346e-03  1.03663336e-02 -6.34626225e-02
  1.46757001e-02  1.22095337e-02 -1.67485680e-02 -2.02095751e-02
 -3.59575190e-02  3.03264223e-02  2.96353810e-02 -3.19561884e-02
 -5.77689707e-03  3.32292616e-02 -4.00311872e-02  1.37643553e-02
  8.33944045e-03 -1.34522319e-02 -4.54375222e-02  1.24084437e-02
 -3.03182360e-02  4.31563631e-02 -1.94527954e-02 -4.93915044e-02
 -3.84850129e-02 -8.24066903e-03  2.43895929e-02 -6.05974300e-03
 -8.71179439e-03  1.00000036e+00  3.56753357e-04 -5.31735942e-02
  4.28115353e-02  4.70683863e-03 -1.99082382e-02 -1.25003783e-02
 -6.12344630e-02  6.17235303e-02][ 2.0232279e-02  2.1129526e-02  2.4442095e-02  2.1785986e-02
  2.6161911e-02  2.1717567e-02  1.9150104e-02  2.2155982e-02
  2.1981182e-02  2.0777015e-02  2.2920651e-02  2.2126365e-02
  2.3338623e-02  2.0150181e-02  1.9190863e-02 -3.3678673e-02
 -3.0260528e-02  1.9929625e-02 -3.4075879e-02  3.7670363e-02
 -4.0939007e-02 -1.7761614e-02  3.2099847e-02  1.2900506e-02
 -1.6880238e-02  9.2543010e-03  8.3383277e-02  3.9176695e-02
  2.7772442e-02 -3.0222774e-02  4.3347284e-02  2.9829694e-03
  6.4983694e-03 -4.8439894e-03  5.1596534e-02 -1.3425296e-02
 -7.4499674e-02 -2.3369810e-02  2.4993589e-02  2.6140280e-02
  5.6052129e-03  3.5675336e-04  1.0000002e+00  5.8172174e-02
 -7.9366844e-03  5.2948982e-02 -4.9552135e-03 -2.8421912e-02
 -1.8674416e-02  9.6517671e-03][ 0.00760957  0.00872351  0.00999282  0.0077034   0.01259781  0.00779844
  0.00552092  0.00837338  0.0070453   0.00847821  0.00752509  0.00869181
  0.01061399  0.00689904  0.00661258  0.03555053 -0.02243566 -0.02471745
 -0.00404683  0.03269563  0.0120153   0.03705058  0.03154894  0.00179222
 -0.01076558 -0.00727578 -0.0469027  -0.02084861  0.02698756 -0.00334464
  0.0059069   0.02239451  0.02222533 -0.02456371 -0.00933121  0.00191495
  0.0254028   0.02869535  0.03759566 -0.0289712   0.03436507 -0.05317359
  0.05817217  1.         -0.02206014 -0.04063859  0.05740279  0.01593167
 -0.01680953  0.02450833][-8.3541488e-03 -8.9098252e-03 -8.3902664e-03 -1.0530892e-02
 -7.0391623e-03 -1.0876974e-02 -1.1611724e-02 -7.7708093e-03
 -8.7749092e-03 -1.0275144e-02 -1.0174557e-02 -7.5590583e-03
 -9.6919807e-03 -1.1561622e-02 -9.0665650e-03  7.7989306e-03
 -3.8905244e-02 -6.7863911e-03 -1.2439754e-02 -5.2981032e-03
  4.7350969e-02 -5.8117140e-02  1.9315083e-02  2.7351309e-02
  1.6904948e-02  2.1885181e-02 -1.8126871e-03  5.1865783e-03
  1.1820033e-02  9.6849166e-04  2.6270559e-02 -3.6748014e-03
 -1.2754511e-02 -1.5821243e-02  4.9536657e-02 -1.5739327e-02
 -1.1239808e-02 -3.8647320e-02 -4.3209255e-02  3.2340474e-02
  3.3154480e-02  4.2811535e-02 -7.9366844e-03 -2.2060141e-02
  1.0000000e+00  2.2839842e-02  3.1211024e-02  1.4223122e-02
 -3.7213460e-02  3.4711577e-02][-2.0326160e-02 -2.0617742e-02 -2.0321697e-02 -2.0231009e-02
 -2.2358667e-02 -2.0313963e-02 -2.0470839e-02 -2.1287289e-02
 -2.1021061e-02 -2.1540415e-02 -2.0936342e-02 -1.9195711e-02
 -1.9555982e-02 -2.0684697e-02 -1.9623030e-02  7.2422847e-03
  4.4182137e-02  2.7602971e-02  1.9711416e-02  6.1607890e-02
 -2.2638746e-02  4.0050924e-02  2.6463997e-03 -3.4317110e-02
  4.8056483e-02  4.6918128e-02 -1.2111574e-02 -1.7511437e-02
 -6.4243086e-02 -7.4196719e-03 -1.5631178e-02  4.5034107e-02
 -1.4307597e-03 -1.7419901e-02  1.1220310e-02  6.0388912e-04
  1.7786564e-02 -1.9660639e-03 -8.4353406e-03  4.6125807e-02
  4.0878728e-04  4.7068386e-03  5.2948982e-02 -4.0638588e-02
  2.2839842e-02  9.9999976e-01  3.4384340e-02 -2.5568372e-03
 -1.3604145e-03  1.3925612e-02][ 3.8231522e-02  3.4570120e-02  3.6192164e-02  3.5257500e-02
  3.2589655e-02  3.5317086e-02  3.7475090e-02  3.6447778e-02
  3.5075102e-02  3.6310300e-02  3.6422718e-02  3.6872603e-02
  3.5344392e-02  3.8323618e-02  3.5954215e-02  4.6183467e-02
 -2.2466408e-02  4.5590892e-02 -3.0424191e-02  1.6117543e-02
 -2.0218922e-02  4.0889196e-02 -4.7008988e-02 -7.0623279e-02
 -3.7396222e-02 -4.6658278e-02  1.3798649e-02  4.6238065e-02
 -1.3390509e-02  3.5767086e-02 -2.4387330e-02  4.7877122e-02
 -2.2126488e-02 -5.5239309e-02  6.0592350e-02 -2.9326477e-03
  1.1762950e-02  1.4252709e-02 -1.3011830e-02 -1.6637212e-02
  2.0959863e-02 -1.9908238e-02 -4.9552135e-03  5.7402790e-02
  3.1211024e-02  3.4384340e-02  9.9999994e-01  4.8435472e-02
  2.3654103e-04 -2.5989957e-02][-0.01116971 -0.01070151 -0.01223705 -0.01100859 -0.01046754 -0.01009137
 -0.01137035 -0.01045916 -0.00920937 -0.01256016 -0.01186599 -0.0124112
 -0.01347837 -0.01325522 -0.01082934 -0.01967228 -0.03779213  0.02110454
  0.00862565 -0.0126086   0.02283696 -0.02079421 -0.01988651 -0.04023489
 -0.01464802  0.01038142 -0.03589327 -0.02325068 -0.03955198  0.03854973
 -0.06132302 -0.04261129 -0.03856991 -0.03917233 -0.01607292  0.02162134
  0.0138346  -0.02351252 -0.0143933  -0.05575673  0.01518045 -0.01250038
 -0.02842191  0.01593167  0.01422312 -0.00255684  0.04843547  0.99999994
 -0.00389589 -0.06676766][-1.43509079e-02 -1.27926487e-02 -1.18923765e-02 -1.13728475e-02
 -1.34072788e-02 -1.30617898e-02 -1.44092133e-02 -1.32511407e-02
 -1.38408188e-02 -1.30558424e-02 -1.19838770e-02 -1.29719935e-02
 -1.24854408e-02 -1.51902363e-02 -1.33674107e-02 -2.11262330e-03
 -3.02471104e-03  6.87270984e-02  2.39004977e-02  4.61574011e-02
  1.35444356e-02 -5.42181358e-03 -7.52183571e-02  1.16944984e-02
  5.01184464e-02 -6.02429174e-02 -1.22921765e-02  9.69154574e-03
 -5.65582141e-03  1.25914812e-02  2.07857862e-02  4.47523780e-02
 -1.96691928e-03  1.54406549e-02 -1.66317448e-03 -3.22745182e-02
 -1.99277773e-02  2.97612064e-02 -3.32010388e-02  4.46705893e-02
  8.36274400e-02 -6.12344630e-02 -1.86744165e-02 -1.68095306e-02
 -3.72134596e-02 -1.36041455e-03  2.36541033e-04 -3.89588624e-03
  9.99999821e-01 -1.11664440e-02][-0.01873594 -0.0190841  -0.01729677 -0.02004291 -0.01750462 -0.02060886
 -0.01936112 -0.01822995 -0.02029851 -0.01688379 -0.01852091 -0.01973499
 -0.01909922 -0.01826729 -0.02063971 -0.02380556  0.0034275   0.0056251
  0.00442053 -0.0176318  -0.0492813   0.03470478 -0.02452281  0.01452134
 -0.0125912  -0.03458543  0.04153573 -0.05296379  0.02462838 -0.01070015
 -0.03093808  0.03770366  0.01561696  0.02080635 -0.02077775  0.02257606
  0.01305974  0.03224639  0.02425595  0.02102192 -0.02269762  0.06172353
  0.00965177  0.02450833  0.03471158  0.01392561 -0.02598996 -0.06676766
 -0.01116644  0.9999998 ][ 1.0000002   0.9990853   0.9988378   0.9992595   0.9992157   0.99924135
  0.99911284  0.99970114  0.99968505  0.99945056  0.9988783   0.9994298
  0.99927086  0.9989331   0.9990792   0.00184445  0.00467574 -0.00437648
  0.00896284  0.05862666 -0.01424465 -0.01896365  0.00188899  0.06402545
 -0.04509088 -0.00393575  0.01289028 -0.03459755 -0.02194863  0.03042809
 -0.0502248   0.0140507   0.02768759 -0.0161443  -0.02281133 -0.00618376
 -0.03109085 -0.00170024 -0.0486112   0.0054961  -0.00147416 -0.03235985
  0.00788211 -0.03799089  0.0122414   0.01994197 -0.01833294  0.05188978
  0.01867802  0.00255851][ 9.9908531e-01  1.0000002e+00  9.9875879e-01  9.9941397e-01
  9.9902558e-01  9.9854982e-01  9.9895060e-01  9.9938309e-01
  9.9880028e-01  9.9848360e-01  9.9902594e-01  9.9896705e-01
  9.9941862e-01  9.9837148e-01  9.9869370e-01  1.3544820e-03
  6.4464365e-03 -4.4365479e-03  9.7117387e-03  5.8452718e-02
 -1.2824668e-02 -1.6648419e-02  1.7502420e-03  6.5027505e-02
 -4.5573354e-02 -4.4809300e-03  1.1047500e-02 -3.4306377e-02
 -1.8504996e-02  3.0583020e-02 -4.8723113e-02  1.2106316e-02
  2.7652446e-02 -1.5704779e-02 -2.2056054e-02 -4.3301471e-03
 -3.0276267e-02  8.2698837e-04 -4.7367979e-02  3.6150860e-03
 -1.7067203e-03 -3.1985618e-02  7.2463271e-03 -3.7829936e-02
  1.2187696e-02  1.9181892e-02 -1.7603129e-02  5.2910000e-02
  1.9816644e-02  1.0271899e-03][ 9.9883783e-01  9.9875879e-01  9.9999964e-01  9.9860615e-01
  9.9796736e-01  9.9927032e-01  9.9893224e-01  9.9855179e-01
  9.9813819e-01  9.9831802e-01  9.9795169e-01  9.9883163e-01
  9.9857932e-01  9.9780130e-01  9.9789071e-01 -9.3355495e-04
  4.5678294e-03 -6.1334977e-03  7.1570599e-03  6.0153157e-02
 -1.2964947e-02 -1.7992917e-02  3.6768578e-03  6.6042230e-02
 -5.0374314e-02 -2.8149430e-03  1.1533164e-02 -3.6913160e-02
 -2.1023016e-02  3.0464273e-02 -4.8412766e-02  1.2363467e-02
  3.1518586e-02 -1.5926860e-02 -2.1759795e-02 -4.7185998e-03
 -3.4210939e-02 -2.0790063e-03 -4.8156500e-02  3.0341279e-03
 -5.8418140e-05 -3.2435700e-02  8.5015800e-03 -3.7455976e-02
  1.4216609e-02  1.8776096e-02 -2.1443048e-02  5.2849460e-02
  1.8970110e-02  2.1737155e-03][ 9.99259472e-01  9.99413967e-01  9.98606145e-01  1.00000012e+00
  9.98848081e-01  9.98992026e-01  9.99191284e-01  9.99233842e-01
  9.99051571e-01  9.99337673e-01  9.99173462e-01  9.98965383e-01
  9.98945832e-01  9.97992516e-01  9.99119043e-01  6.30651601e-04
  5.45725273e-03 -4.00332175e-03  9.84917581e-03  5.92556782e-02
 -1.44047746e-02 -1.86985135e-02  1.52917579e-03  6.48008436e-02
 -4.60858047e-02 -6.51305914e-03  1.04810223e-02 -3.52396294e-02
 -2.00410001e-02  3.03725004e-02 -4.99396659e-02  1.20760407e-02
  2.80426573e-02 -1.64911877e-02 -2.20578890e-02 -6.86765090e-03
 -3.12813930e-02  6.76576048e-04 -4.74389568e-02  4.59941756e-03
 -3.26257944e-03 -3.29867788e-02  8.41075089e-03 -3.82438451e-02
  1.11334305e-02  1.82716548e-02 -1.62031911e-02  5.43476231e-02
  1.87271759e-02  8.99383682e-04][ 9.99215722e-01  9.99025583e-01  9.97967362e-01  9.98848081e-01
  9.99999881e-01  9.98758256e-01  9.99059796e-01  9.99102235e-01
  9.99401927e-01  9.98759389e-01  9.99113679e-01  9.99608040e-01
  9.99751210e-01  9.98827040e-01  9.98595655e-01  1.30552240e-03
  5.59664890e-03 -4.48969333e-03  8.86482187e-03  5.71685210e-02
 -1.26761738e-02 -1.71457455e-02  1.46952551e-03  6.44891858e-02
 -4.40515503e-02 -3.17108631e-03  1.20679755e-02 -3.38842832e-02
 -1.86567660e-02  3.31425108e-02 -5.06505258e-02  1.37899593e-02
  2.65059564e-02 -1.47723518e-02 -2.29797456e-02 -4.85359319e-03
 -2.91927494e-02 -7.53352419e-04 -4.69690114e-02  4.80091851e-03
 -1.40724704e-04 -3.36085446e-02  8.12572706e-03 -3.85322869e-02
  1.04168225e-02  1.91456713e-02 -1.89719591e-02  5.35114519e-02
  1.98607408e-02  3.34593258e-03][ 9.9924135e-01  9.9854982e-01  9.9927032e-01  9.9899203e-01
  9.9875826e-01  1.0000004e+00  9.9930859e-01  9.9902409e-01
  9.9885190e-01  9.9921304e-01  9.9892175e-01  9.9900723e-01
  9.9900341e-01  9.9777174e-01  9.9854994e-01  9.9745579e-05
  4.9047912e-03 -6.1444184e-03  8.4961392e-03  5.9047289e-02
 -1.4859387e-02 -1.8528271e-02  2.3971675e-03  6.4501986e-02
 -4.7778230e-02 -3.3824258e-03  1.0561593e-02 -3.5066996e-02
 -2.1531356e-02  3.1641819e-02 -5.0149050e-02  1.3151290e-02
  2.9117387e-02 -1.4029635e-02 -2.2192914e-02 -7.7592060e-03
 -3.3383328e-02 -5.3578056e-04 -4.7825381e-02  4.5863613e-03
 -9.0088416e-04 -3.2260261e-02  1.0403961e-02 -3.7159473e-02
  1.1098539e-02  1.9252971e-02 -1.9669477e-02  5.3761832e-02
  1.8156923e-02  2.1497034e-03][ 9.9911284e-01  9.9895060e-01  9.9893224e-01  9.9919128e-01
  9.9905980e-01  9.9930859e-01  9.9999988e-01  9.9890995e-01
  9.9858212e-01  9.9904227e-01  9.9917644e-01  9.9911678e-01
  9.9904096e-01  9.9720246e-01  9.9881351e-01 -3.5287440e-04
  3.5702731e-03 -5.2079395e-03  8.4457137e-03  5.9979469e-02
 -1.3915287e-02 -1.9034211e-02  2.5791582e-03  6.5267526e-02
 -4.6744309e-02 -5.8648437e-03  1.1193810e-02 -3.7737370e-02
 -2.0138834e-02  3.0422803e-02 -5.0639790e-02  1.2172955e-02
  2.8844289e-02 -1.4313312e-02 -2.2328695e-02 -6.9430098e-03
 -3.1721175e-02 -3.4846924e-04 -4.8004232e-02  5.8123544e-03
 -1.1530006e-03 -3.3537239e-02  9.0345759e-03 -3.8260669e-02
  1.1792706e-02  1.8724300e-02 -1.8998249e-02  5.3968776e-02
  1.8736323e-02  3.0483929e-03][ 9.9970114e-01  9.9938309e-01  9.9855179e-01  9.9923384e-01
  9.9910223e-01  9.9902409e-01  9.9890995e-01  9.9999964e-01
  9.9935299e-01  9.9926686e-01  9.9897742e-01  9.9901807e-01
  9.9932182e-01  9.9860179e-01  9.9881375e-01  2.4726084e-03
  4.7275829e-03 -4.2948839e-03  1.0030942e-02  5.7787433e-02
 -1.4145438e-02 -1.6821137e-02  1.8100431e-03  6.4223014e-02
 -4.4304077e-02 -3.3973828e-03  1.2324437e-02 -3.3344515e-02
